0.529 0.784 0.937
0.525 0.784 0.937
0.522 0.780 0.937
0.522 0.780 0.937
0.518 0.780 0.937
0.514 0.776 0.937
0.510 0.776 0.937
0.506 0.773 0.933
0.506 0.773 0.933
0.502 0.773 0.933
0.502 0.773 0.933
0.498 0.769 0.933
0.494 0.769 0.933
0.490 0.765 0.933
0.486 0.765 0.933
0.486 0.765 0.933
0.482 0.765 0.933
0.478 0.761 0.929
0.475 0.761 0.929
0.475 0.761 0.929
0.525 0.784 0.937
0.522 0.780 0.937
0.518 0.780 0.937
0.514 0.776 0.937
0.510 0.776 0.937
0.510 0.776 0.937
0.506 0.773 0.933
0.506 0.773 0.933
0.502 0.773 0.933
0.498 0.769 0.933
0.494 0.769 0.933
0.494 0.769 0.933
0.490 0.765 0.933
0.486 0.765 0.933
0.482 0.765 0.933
0.478 0.761 0.929
0.475 0.761 0.929
0.475 0.757 0.929
0.475 0.757 0.929
0.608 0.820 0.949
0.518 0.780 0.937
0.518 0.780 0.937
0.514 0.776 0.937
0.510 0.776 0.937
0.506 0.773 0.933
0.506 0.773 0.933
0.502 0.773 0.933
0.502 0.773 0.933
0.498 0.769 0.933
0.494 0.769 0.933
0.490 0.765 0.933
0.486 0.765 0.933
0.482 0.765 0.933
0.482 0.765 0.933
0.478 0.761 0.929
0.475 0.761 0.929
0.475 0.757 0.929
0.471 0.757 0.929
0.604 0.820 0.949
0.820 0.918 0.976
0.514 0.776 0.937
0.510 0.776 0.937
0.506 0.773 0.933
0.506 0.773 0.933
0.506 0.773 0.933
0.502 0.773 0.933
0.498 0.769 0.933
0.494 0.769 0.933
0.490 0.765 0.933
0.490 0.765 0.933
0.486 0.765 0.933
0.482 0.765 0.933
0.478 0.761 0.929
0.475 0.761 0.929
0.475 0.757 0.929
0.471 0.757 0.929
0.471 0.757 0.929
0.604 0.820 0.949
0.816 0.918 0.976
0.859 0.933 0.980
0.510 0.776 0.937
0.506 0.773 0.933
0.506 0.773 0.933
0.502 0.773 0.933
0.498 0.769 0.933
0.498 0.769 0.933
0.494 0.769 0.933
0.490 0.765 0.933
0.486 0.765 0.933
0.482 0.765 0.933
0.478 0.761 0.929
0.478 0.761 0.929
0.475 0.761 0.929
0.475 0.757 0.929
0.471 0.757 0.929
0.467 0.757 0.929
0.604 0.820 0.949
0.816 0.918 0.976
0.855 0.933 0.980
0.855 0.933 0.980
0.506 0.773 0.933
0.506 0.773 0.933
0.502 0.773 0.933
0.498 0.769 0.933
0.494 0.769 0.933
0.490 0.765 0.933
0.486 0.765 0.933
0.486 0.765 0.933
0.482 0.765 0.933
0.478 0.761 0.929
0.475 0.761 0.929
0.475 0.757 0.929
0.471 0.757 0.929
0.467 0.757 0.929
0.467 0.757 0.929
0.600 0.816 0.949
0.816 0.918 0.976
0.855 0.933 0.980
0.851 0.933 0.980
0.851 0.933 0.980
0.502 0.773 0.933
0.498 0.769 0.933
0.494 0.769 0.933
0.494 0.769 0.933
0.490 0.765 0.933
0.486 0.765 0.933
0.482 0.765 0.933
0.478 0.761 0.929
0.475 0.761 0.929
0.475 0.761 0.929
0.475 0.757 0.929
0.471 0.757 0.929
0.467 0.757 0.929
0.463 0.753 0.929
0.600 0.816 0.949
0.812 0.914 0.976
0.855 0.933 0.980
0.851 0.933 0.980
0.851 0.933 0.980
0.851 0.933 0.980
0.498 0.769 0.933
0.494 0.769 0.933
0.490 0.765 0.933
0.486 0.765 0.933
0.482 0.765 0.933
0.482 0.765 0.933
0.478 0.761 0.929
0.475 0.761 0.929
0.475 0.757 0.929
0.471 0.757 0.929
0.467 0.757 0.929
0.463 0.753 0.929
0.463 0.753 0.929
0.596 0.816 0.945
0.812 0.914 0.976
0.855 0.933 0.980
0.851 0.933 0.980
0.851 0.933 0.980
0.851 0.933 0.980
0.851 0.933 0.980
0.490 0.765 0.933
0.490 0.765 0.933
0.486 0.765 0.933
0.482 0.765 0.933
0.478 0.761 0.929
0.475 0.761 0.929
0.475 0.757 0.929
0.475 0.757 0.929
0.471 0.757 0.929
0.467 0.757 0.929
0.463 0.753 0.929
0.459 0.753 0.929
0.596 0.816 0.945
0.812 0.914 0.976
0.855 0.933 0.980
0.851 0.933 0.980
0.851 0.929 0.980
0.851 0.933 0.980
0.851 0.933 0.980
0.851 0.929 0.980
0.486 0.765 0.933
0.482 0.765 0.933
0.478 0.761 0.929
0.478 0.761 0.929
0.475 0.761 0.929
0.475 0.757 0.929
0.471 0.757 0.929
0.467 0.757 0.929
0.463 0.753 0.929
0.459 0.753 0.929
0.459 0.753 0.929
0.596 0.812 0.945
0.812 0.914 0.976
0.855 0.933 0.980
0.851 0.933 0.980
0.851 0.929 0.980
0.851 0.929 0.980
0.851 0.929 0.980
0.851 0.929 0.980
0.851 0.933 0.980
0.482 0.765 0.933
0.478 0.761 0.929
0.475 0.761 0.929
0.475 0.757 0.929
0.471 0.757 0.929
0.471 0.757 0.929
0.467 0.757 0.929
0.463 0.753 0.929
0.459 0.753 0.929
0.455 0.749 0.929
0.584 0.808 0.945
0.812 0.914 0.976
0.851 0.929 0.980
0.851 0.929 0.980
0.851 0.929 0.980
0.851 0.929 0.980
0.851 0.929 0.980
0.851 0.929 0.980
0.851 0.929 0.980
0.851 0.929 0.980
0.478 0.761 0.929
0.475 0.761 0.929
0.475 0.757 0.929
0.471 0.757 0.929
0.467 0.757 0.929
0.463 0.753 0.929
0.463 0.753 0.929
0.459 0.753 0.929
0.455 0.749 0.929
0.451 0.749 0.929
0.584 0.812 0.945
0.816 0.914 0.976
0.855 0.929 0.980
0.851 0.929 0.980
0.851 0.929 0.980
0.851 0.929 0.980
0.847 0.929 0.980
0.847 0.929 0.980
0.847 0.929 0.980
0.847 0.929 0.980
0.475 0.757 0.929
0.471 0.757 0.929
0.471 0.757 0.929
0.467 0.757 0.929
0.463 0.753 0.929
0.459 0.753 0.929
0.455 0.749 0.929
0.451 0.749 0.929
0.447 0.749 0.929
0.443 0.749 0.925
0.447 0.749 0.925
0.592 0.812 0.945
0.816 0.914 0.976
0.851 0.929 0.980
0.847 0.929 0.980
0.847 0.929 0.980
0.847 0.929 0.980
0.847 0.929 0.980
0.847 0.929 0.980
0.847 0.929 0.980
0.471 0.757 0.929
0.467 0.757 0.929
0.463 0.753 0.929
0.459 0.753 0.929
0.455 0.753 0.929
0.455 0.749 0.929
0.451 0.749 0.929
0.447 0.749 0.925
0.443 0.745 0.925
0.443 0.745 0.925
0.439 0.741 0.925
0.439 0.741 0.925
0.588 0.812 0.945
0.812 0.914 0.976
0.851 0.929 0.980
0.847 0.929 0.980
0.847 0.929 0.980
0.847 0.929 0.980
0.847 0.929 0.980
0.847 0.929 0.980
0.463 0.757 0.929
0.463 0.753 0.929
0.459 0.753 0.929
0.455 0.749 0.929
0.451 0.749 0.929
0.447 0.749 0.925
0.447 0.749 0.925
0.443 0.745 0.925
0.443 0.745 0.925
0.439 0.741 0.925
0.435 0.741 0.925
0.431 0.741 0.925
0.431 0.741 0.925
0.580 0.808 0.945
0.812 0.914 0.976
0.851 0.929 0.980
0.847 0.929 0.980
0.847 0.929 0.980
0.847 0.929 0.980
0.847 0.929 0.980
0.459 0.753 0.929
0.455 0.749 0.929
0.451 0.749 0.929
0.451 0.749 0.929
0.447 0.749 0.925
0.443 0.745 0.925
0.443 0.745 0.925
0.439 0.741 0.925
0.439 0.741 0.925
0.435 0.741 0.925
0.431 0.741 0.925
0.427 0.737 0.925
0.424 0.737 0.925
0.424 0.737 0.922
0.576 0.804 0.945
0.808 0.914 0.976
0.851 0.929 0.980
0.847 0.929 0.980
0.847 0.929 0.980
0.847 0.929 0.980
0.455 0.749 0.929
0.451 0.749 0.929
0.447 0.749 0.925
0.443 0.745 0.925
0.443 0.745 0.925
0.443 0.745 0.925
0.439 0.741 0.925
0.435 0.741 0.925
0.431 0.741 0.925
0.427 0.737 0.925
0.424 0.737 0.925
0.424 0.737 0.925
0.420 0.733 0.922
0.416 0.733 0.922
0.416 0.733 0.922
0.569 0.804 0.945
0.808 0.914 0.976
0.851 0.929 0.980
0.847 0.929 0.980
0.847 0.929 0.980
0.447 0.749 0.929
0.447 0.749 0.925
0.443 0.745 0.925
0.443 0.745 0.925
0.439 0.741 0.925
0.435 0.741 0.925
0.431 0.741 0.925
0.431 0.741 0.925
0.427 0.737 0.925
0.424 0.737 0.925
0.420 0.733 0.922
0.416 0.733 0.922
0.416 0.733 0.922
0.412 0.729 0.922
0.408 0.729 0.922
0.412 0.729 0.922
0.565 0.800 0.945
0.808 0.914 0.976
0.847 0.929 0.980
0.843 0.929 0.980
0.443 0.745 0.925
0.443 0.745 0.925
0.443 0.745 0.925
0.439 0.741 0.925
0.435 0.741 0.925
0.431 0.741 0.925
0.427 0.737 0.925
0.424 0.737 0.925
0.424 0.737 0.925
0.420 0.733 0.922
0.416 0.733 0.922
0.412 0.729 0.922
0.412 0.729 0.922
0.408 0.729 0.922
0.408 0.729 0.922
0.404 0.725 0.922
0.404 0.725 0.922
0.561 0.800 0.945
0.804 0.910 0.976
0.847 0.933 0.980
0.443 0.745 0.925
0.439 0.741 0.925
0.435 0.741 0.925
0.431 0.741 0.925
0.431 0.741 0.925
0.427 0.737 0.925
0.424 0.737 0.925
0.420 0.733 0.922
0.416 0.733 0.922
0.412 0.729 0.922
0.412 0.729 0.922
0.412 0.729 0.922
0.408 0.729 0.922
0.404 0.725 0.922
0.400 0.725 0.922
0.400 0.725 0.922
0.392 0.722 0.922
0.396 0.722 0.922
0.557 0.796 0.941
0.804 0.910 0.976
